# FC1 Weight (16x48)
94,89,75,92,68,77,99,101,77,75,91,61,67,85,88,89,66,100,66,75,85,70,88,71,101,84,98,95,93,86,80,61,88,85,93,100,83,80,100,84,96,84,90,90,82,59,90,87
212,197,205,200,201,196,195,190,189,188,199,184,203,180,208,199,205,200,213,222,187,189,195,200,215,184,179,193,173,178,184,184,207,197,185,199,195,207,219,205,201,177,215,217,182,194,225,195
197,215,210,201,199,203,205,188,204,175,219,202,190,200,222,182,219,181,199,189,179,213,216,197,220,202,200,219,220,207,219,214,197,223,223,183,214,205,237,214,210,210,192,201,220,202,237,236
37,31,36,40,35,24,31,37,25,31,39,33,60,44,39,46,51,38,33,27,34,31,38,35,36,43,36,20,33,49,29,9,44,34,27,35,25,11,43,58,47,18,28,52,36,47,44,43
68,62,83,69,61,70,64,57,63,56,63,65,60,86,58,45,71,51,82,64,81,84,85,64,70,49,72,56,83,58,50,68,32,63,63,57,47,95,61,42,92,67,71,63,72,63,79,78
158,192,177,185,185,175,147,186,180,185,166,128,182,185,174,187,178,158,187,176,179,181,177,172,193,202,181,181,170,175,138,161,184,183,139,172,184,171,159,159,171,190,189,167,183,183,205,212
19,40,24,7,9,56,37,30,38,35,24,35,38,48,56,16,30,34,2,45,59,19,33,24,38,35,53,63,30,39,41,33,27,47,27,36,37,58,52,27,34,28,4,39,45,27,16,32
0,14,22,27,44,23,29,28,39,28,53,49,26,45,47,29,49,31,44,43,13,35,49,24,21,35,29,42,40,52,35,33,38,48,28,10,41,9,46,36,34,38,38,47,73,29,31,27
34,37,31,27,31,42,31,41,36,46,52,18,56,42,30,39,53,38,23,27,36,40,19,41,31,19,22,19,32,44,34,42,47,22,41,26,25,20,32,30,45,62,28,52,34,41,38,36
148,100,100,151,143,129,116,133,140,114,127,111,148,144,153,126,145,157,136,138,154,129,154,128,124,140,124,145,146,131,144,132,155,134,146,124,152,143,132,143,113,154,114,144,124,145,160,151
73,71,70,65,79,76,63,60,58,39,69,82,56,51,77,75,64,79,83,47,67,58,44,49,40,72,72,64,72,50,70,69,66,55,81,77,79,69,39,90,66,64,64,74,53,68,59,68
112,89,99,113,93,66,119,91,96,91,79,77,103,83,114,95,101,115,126,97,91,88,110,97,101,85,68,74,99,105,117,60,97,101,84,134,95,101,98,101,91,122,81,96,89,120,68,81
21,31,32,36,24,62,29,45,23,16,31,32,35,24,24,42,40,43,46,45,50,31,16,46,16,24,31,36,36,31,41,40,20,37,28,39,18,27,20,24,27,41,34,19,21,34,39,53
51,59,50,54,74,61,59,56,65,30,59,57,62,51,44,54,57,76,49,46,61,50,44,53,39,49,86,40,73,40,48,56,49,59,61,73,87,54,78,51,48,73,30,54,68,76,66,62
170,185,149,187,172,167,152,166,186,158,163,153,183,188,164,182,192,169,175,189,174,167,151,157,187,164,164,184,186,186,185,155,160,190,175,171,168,160,168,167,163,170,184,166,167,168,179,171
243,244,221,226,238,222,228,244,217,216,228,236,206,233,241,229,247,208,236,242,255,209,219,224,206,231,213,232,224,237,237,251,222,202,241,214,210,210,214,226,241,208,227,242,220,245,252,234

# FC1 Bias (16)
65,213,225,3,40,186,2,2,0,136,40,80,3,30,180,255

# FC2 Weight (3x16)
57,13,12,92,73,17,88,91,92,31,69,53,93,72,17,7
147,239,245,90,133,227,84,89,90,200,126,165,93,113,224,255
54,12,10,86,81,21,85,92,91,34,71,51,91,75,23,0

# FC2 Bias (3)
1,255,0
